hs from to value
hs13 32889617 32890441 0
hs13 32890442 32890442 1
hs13 32890443 32890443 261
hs13 32890444 32890444 268
hs13 32890445 32890445 274
hs13 32890446 32890448 275
hs13 32890449 32890449 277
hs13 32890450 32890739 278
hs13 32890740 32890743 277
hs13 32890744 32890745 276
hs13 32890746 32890746 275
hs13 32890747 32890747 274
hs13 32890748 32890748 273
hs13 32890749 32890750 272
hs13 32890751 32890751 262
hs13 32890752 32890752 6
hs13 32890753 32893036 0
hs13 32893037 32893037 219
hs13 32893038 32893038 224
hs13 32893039 32893039 229
hs13 32893040 32893041 230
hs13 32893042 32893377 231
hs13 32893378 32893378 232
hs13 32893379 32893379 473
hs13 32893380 32893380 475
hs13 32893381 32893382 476
hs13 32893383 32893386 478
hs13 32893387 32893402 479
hs13 32893403 32893414 480
hs13 32893415 32893417 479
hs13 32893418 32893421 478
hs13 32893422 32893422 477
hs13 32893423 32893709 249
hs13 32893710 32893722 248
hs13 32893723 32893723 247
hs13 32893724 32893724 246
hs13 32893725 32893725 243
hs13 32893726 32893726 233
hs13 32893727 32893727 3
hs13 32893728 32899058 0
hs13 32899059 32899059 2
hs13 32899060 32899060 10
hs13 32899061 32899061 259
hs13 32899062 32899066 264
hs13 32899067 32899075 265
hs13 32899076 32899431 267
hs13 32899432 32899435 266
hs13 32899436 32899437 265
hs13 32899438 32899438 263
hs13 32899439 32899440 262
hs13 32899441 32899441 259
hs13 32899442 32899442 2
hs13 32899443 32900043 0
hs13 32900044 32900044 2
hs13 32900045 32900045 215
hs13 32900046 32900046 220
hs13 32900047 32900048 222
hs13 32900049 32900050 223
hs13 32900051 32900054 243
hs13 32900055 32900254 244
hs13 32900255 32900255 246
hs13 32900256 32900256 372
hs13 32900257 32900257 374
hs13 32900258 32900259 375
hs13 32900260 32900263 376
hs13 32900264 32900268 377
hs13 32900269 32900271 401
hs13 32900272 32900358 402
hs13 32900359 32900369 401
hs13 32900370 32900393 400
hs13 32900394 32900398 398
hs13 32900399 32900400 396
hs13 32900401 32900401 392
hs13 32900402 32900402 160
hs13 32900403 32900495 158
hs13 32900496 32900498 157
hs13 32900499 32900499 153
hs13 32900500 32900500 152
hs13 32900501 32900501 149
hs13 32900502 32900582 0
hs13 32900583 32900584 1
hs13 32900585 32900585 204
hs13 32900586 32900587 210
hs13 32900588 32900600 211
hs13 32900601 32900607 212
hs13 32900608 32900608 215
hs13 32900609 32900956 216
hs13 32900957 32900960 215
hs13 32900961 32900963 214
hs13 32900964 32900964 213
hs13 32900965 32900965 212
hs13 32900966 32900966 211
hs13 32900967 32900967 192
hs13 32900968 32900968 28
hs13 32900969 32903454 0
hs13 32903455 32903455 2
hs13 32903456 32903456 3
hs13 32903457 32903457 227
hs13 32903458 32903458 232
hs13 32903459 32903459 234
hs13 32903460 32903462 235
hs13 32903463 32903463 240
hs13 32903464 32903468 246
hs13 32903469 32903782 247
hs13 32903783 32903786 246
hs13 32903787 32903793 245
hs13 32903794 32903794 243
hs13 32903795 32903796 241
hs13 32903797 32903797 240
hs13 32903798 32903798 236
hs13 32903799 32903799 1
hs13 32903800 32904929 0
hs13 32904930 32904930 1
hs13 32904931 32904931 3
hs13 32904932 32904932 146
hs13 32904933 32904933 151
hs13 32904934 32904934 152
hs13 32904935 32904937 153
hs13 32904938 32905188 154
hs13 32905189 32905189 153
hs13 32905190 32905194 152
hs13 32905195 32905195 149
hs13 32905196 32905196 143
hs13 32905197 32905197 1
hs13 32905198 32906325 0
hs13 32906326 32906326 145
hs13 32906327 32906504 150
hs13 32906505 32906505 153
hs13 32906506 32906506 346
hs13 32906507 32906508 351
hs13 32906509 32906520 353
hs13 32906521 32906701 363
hs13 32906702 32906704 362
hs13 32906705 32906706 361
hs13 32906707 32906707 359
hs13 32906708 32906708 355
hs13 32906709 32906830 213
hs13 32906831 32906831 215
hs13 32906832 32906832 459
hs13 32906833 32906834 463
hs13 32906835 32906835 464
hs13 32906836 32906839 465
hs13 32906840 32906842 466
hs13 32906843 32906872 467
hs13 32906873 32906879 466
hs13 32906880 32906880 453
hs13 32906881 32906881 450
hs13 32906882 32906885 449
hs13 32906886 32906886 442
hs13 32906887 32906887 255
hs13 32906888 32907024 254
hs13 32907025 32907025 259
hs13 32907026 32907026 407
hs13 32907027 32907029 409
hs13 32907030 32907170 410
hs13 32907171 32907175 409
hs13 32907176 32907176 397
hs13 32907177 32907177 390
hs13 32907178 32907179 389
hs13 32907180 32907180 388
hs13 32907181 32907181 158
hs13 32907182 32907208 156
hs13 32907209 32907209 161
hs13 32907210 32907210 363
hs13 32907211 32907212 369
hs13 32907213 32907213 371
hs13 32907214 32907215 372
hs13 32907216 32907216 375
hs13 32907217 32907224 376
hs13 32907225 32907236 381
hs13 32907237 32907346 382
hs13 32907347 32907347 380
hs13 32907348 32907348 378
hs13 32907349 32907349 370
hs13 32907350 32907350 233
hs13 32907351 32907573 226
hs13 32907574 32907581 225
hs13 32907582 32907585 224
hs13 32907586 32907586 222
hs13 32907587 32907587 207
hs13 32907588 32907588 2
hs13 32907589 32910359 0
hs13 32910360 32910360 3
hs13 32910361 32910361 193
hs13 32910362 32910362 199
hs13 32910363 32910363 200
hs13 32910364 32910366 201
hs13 32910367 32910368 202
hs13 32910369 32910374 203
hs13 32910375 32910603 205
hs13 32910604 32910604 211
hs13 32910605 32910605 449
hs13 32910606 32910606 455
hs13 32910607 32910607 456
hs13 32910608 32910695 457
hs13 32910696 32910699 456
hs13 32910700 32910700 454
hs13 32910701 32910701 448
hs13 32910702 32910868 252
hs13 32910869 32910869 265
hs13 32910870 32910870 461
hs13 32910871 32910873 467
hs13 32910874 32910874 468
hs13 32910875 32910879 469
hs13 32910880 32910884 470
hs13 32910885 32910913 479
hs13 32910914 32910926 478
hs13 32910927 32910945 477
hs13 32910946 32910955 476
hs13 32910956 32910956 474
hs13 32910957 32910957 466
hs13 32910958 32910958 229
hs13 32910959 32911109 227
hs13 32911110 32911110 229
hs13 32911111 32911111 528
hs13 32911112 32911118 532
hs13 32911119 32911120 534
hs13 32911121 32911125 535
hs13 32911126 32911248 556
hs13 32911249 32911249 547
hs13 32911250 32911252 546
hs13 32911253 32911253 543
hs13 32911254 32911254 537
hs13 32911255 32911255 349
hs13 32911256 32911332 329
hs13 32911333 32911333 330
hs13 32911334 32911334 575
hs13 32911335 32911335 586
hs13 32911336 32911336 587
hs13 32911337 32911341 590
hs13 32911342 32911482 591
hs13 32911483 32911483 589
hs13 32911484 32911484 581
hs13 32911485 32911485 576
hs13 32911486 32911486 263
hs13 32911487 32911565 261
hs13 32911566 32911566 278
hs13 32911567 32911567 441
hs13 32911568 32911568 447
hs13 32911569 32911573 448
hs13 32911574 32911585 470
hs13 32911586 32911680 471
hs13 32911681 32911688 469
hs13 32911689 32911689 468
hs13 32911690 32911692 467
hs13 32911693 32911693 461
hs13 32911694 32911694 212
hs13 32911695 32911855 209
hs13 32911856 32911856 212
hs13 32911857 32911857 217
hs13 32911858 32911858 474
hs13 32911859 32911860 480
hs13 32911861 32911864 481
hs13 32911865 32911870 483
hs13 32911871 32911908 484
hs13 32911909 32911914 483
hs13 32911915 32911918 482
hs13 32911919 32911919 478
hs13 32911920 32911920 472
hs13 32911921 32911921 470
hs13 32911922 32911922 462
hs13 32911923 32911923 277
hs13 32911924 32912102 275
hs13 32912103 32912103 276
hs13 32912104 32912104 422
hs13 32912105 32912107 425
hs13 32912108 32912118 427
hs13 32912119 32912136 428
hs13 32912137 32912146 418
hs13 32912147 32912158 417
hs13 32912159 32912159 416
hs13 32912160 32912161 414
hs13 32912162 32912162 413
hs13 32912163 32912163 412
hs13 32912164 32912164 410
hs13 32912165 32912165 405
hs13 32912166 32912166 154
hs13 32912167 32912201 153
hs13 32912202 32912202 159
hs13 32912203 32912203 358
hs13 32912204 32912206 366
hs13 32912207 32912460 367
hs13 32912461 32912465 366
hs13 32912466 32912467 364
hs13 32912468 32912468 365
hs13 32912469 32912469 510
hs13 32912470 32912470 514
hs13 32912471 32912471 511
hs13 32912472 32912473 366
hs13 32912474 32912509 367
hs13 32912510 32912510 366
hs13 32912511 32912511 365
hs13 32912512 32912512 364
hs13 32912513 32912513 359
hs13 32912514 32912597 153
hs13 32912598 32912598 154
hs13 32912599 32912599 386
hs13 32912600 32912604 389
hs13 32912605 32912605 394
hs13 32912606 32912796 396
hs13 32912797 32912808 395
hs13 32912809 32912810 394
hs13 32912811 32912811 392
hs13 32912812 32912848 243
hs13 32912849 32912849 256
hs13 32912850 32912850 542
hs13 32912851 32912851 547
hs13 32912852 32912852 548
hs13 32912853 32912855 551
hs13 32912856 32912906 554
hs13 32912907 32912909 549
hs13 32912910 32912911 537
hs13 32912912 32912914 536
hs13 32912915 32912915 534
hs13 32912916 32912916 533
hs13 32912917 32912917 527
hs13 32912918 32912918 313
hs13 32912919 32913022 311
hs13 32913023 32913023 313
hs13 32913024 32913024 623
hs13 32913025 32913025 633
hs13 32913026 32913026 634
hs13 32913027 32913181 635
hs13 32913182 32913182 636
hs13 32913183 32913183 638
hs13 32913184 32913184 1084
hs13 32913185 32913185 1097
hs13 32913186 32913186 1098
hs13 32913187 32913188 1099
hs13 32913189 32913201 1101
hs13 32913202 32913204 1100
hs13 32913205 32913205 1098
hs13 32913206 32913206 1090
hs13 32913207 32913207 794
hs13 32913208 32913280 790
hs13 32913281 32913281 789
hs13 32913282 32913282 787
hs13 32913283 32913283 786
hs13 32913284 32913284 783
hs13 32913285 32913319 466
hs13 32913320 32913320 468
hs13 32913321 32913321 713
hs13 32913322 32913322 716
hs13 32913323 32913324 717
hs13 32913325 32913326 718
hs13 32913327 32913433 719
hs13 32913434 32913438 718
hs13 32913439 32913439 717
hs13 32913440 32913440 697
hs13 32913441 32913442 692
hs13 32913443 32913443 689
hs13 32913444 32913444 681
hs13 32913445 32913445 255
hs13 32913446 32913572 253
hs13 32913573 32913573 256
hs13 32913574 32913574 399
hs13 32913575 32913576 400
hs13 32913577 32913580 401
hs13 32913581 32913673 402
hs13 32913674 32913675 401
hs13 32913676 32913680 400
hs13 32913681 32913681 394
hs13 32913682 32913682 352
hs13 32913683 32913684 351
hs13 32913685 32913685 350
hs13 32913686 32913686 347
hs13 32913687 32913687 151
hs13 32913688 32913808 149
hs13 32913809 32913809 151
hs13 32913810 32913810 365
hs13 32913811 32913811 370
hs13 32913812 32913812 372
hs13 32913813 32913816 373
hs13 32913817 32913817 374
hs13 32913818 32913836 375
hs13 32913837 32913940 376
hs13 32913941 32913942 375
hs13 32913943 32913943 373
hs13 32913944 32913944 227
hs13 32913945 32914026 226
hs13 32914027 32914027 232
hs13 32914028 32914028 588
hs13 32914029 32914031 607
hs13 32914032 32914034 608
hs13 32914035 32914151 609
hs13 32914152 32914157 608
hs13 32914158 32914160 607
hs13 32914161 32914166 606
hs13 32914167 32914169 605
hs13 32914170 32914170 600
hs13 32914171 32914171 407
hs13 32914172 32914329 383
hs13 32914330 32914330 386
hs13 32914331 32914331 535
hs13 32914332 32914332 538
hs13 32914333 32914333 540
hs13 32914334 32914334 541
hs13 32914335 32914336 543
hs13 32914337 32914390 544
hs13 32914391 32914391 543
hs13 32914392 32914392 541
hs13 32914393 32914394 539
hs13 32914395 32914395 538
hs13 32914396 32914396 535
hs13 32914397 32914397 534
hs13 32914398 32914398 522
hs13 32914399 32914399 165
hs13 32914400 32914549 161
hs13 32914550 32914550 163
hs13 32914551 32914551 444
hs13 32914552 32914552 452
hs13 32914553 32914553 454
hs13 32914554 32914555 455
hs13 32914556 32914563 456
hs13 32914564 32914656 464
hs13 32914657 32914659 460
hs13 32914660 32914661 458
hs13 32914662 32914662 304
hs13 32914663 32914774 303
hs13 32914775 32914775 305
hs13 32914776 32914776 428
hs13 32914777 32914777 431
hs13 32914778 32914779 432
hs13 32914780 32914925 433
hs13 32914926 32914926 423
hs13 32914927 32914929 410
hs13 32914930 32914931 406
hs13 32914932 32914932 405
hs13 32914933 32914933 396
hs13 32914934 32915079 130
hs13 32915080 32915080 131
hs13 32915081 32915081 139
hs13 32915082 32915082 302
hs13 32915083 32915084 306
hs13 32915085 32915085 308
hs13 32915086 32915088 309
hs13 32915089 32915089 363
hs13 32915090 32915146 372
hs13 32915147 32915147 371
hs13 32915148 32915148 370
hs13 32915149 32915149 368
hs13 32915150 32915150 243
hs13 32915151 32915459 242
hs13 32915460 32915463 241
hs13 32915464 32915465 238
hs13 32915466 32915466 234
hs13 32915467 32915467 186
hs13 32915468 32915468 19
hs13 32915469 32915469 1
hs13 32915470 32918525 0
hs13 32918526 32918526 1
hs13 32918527 32918527 164
hs13 32918528 32918530 166
hs13 32918531 32918828 167
hs13 32918829 32918831 166
hs13 32918832 32918836 165
hs13 32918837 32918837 163
hs13 32918838 32918838 3
hs13 32918839 32920814 0
hs13 32920815 32920815 1
hs13 32920816 32920816 5
hs13 32920817 32920817 224
hs13 32920818 32920818 228
hs13 32920819 32920820 229
hs13 32920821 32920821 231
hs13 32920822 32921135 232
hs13 32921136 32921136 231
hs13 32921137 32921140 229
hs13 32921141 32921141 2
hs13 32921142 32928924 0
hs13 32928925 32928925 1
hs13 32928926 32928926 206
hs13 32928927 32928929 214
hs13 32928930 32929187 220
hs13 32929188 32929188 507
hs13 32929189 32929190 513
hs13 32929191 32929194 516
hs13 32929195 32929195 517
hs13 32929196 32929196 518
hs13 32929197 32929275 519
hs13 32929276 32929276 518
hs13 32929277 32929278 517
hs13 32929279 32929279 512
hs13 32929280 32929280 511
hs13 32929281 32929281 510
hs13 32929282 32929282 488
hs13 32929283 32929283 301
hs13 32929284 32929504 299
hs13 32929505 32929509 276
hs13 32929510 32929520 274
hs13 32929521 32929523 273
hs13 32929524 32929524 270
hs13 32929525 32929527 269
hs13 32929528 32929528 226
hs13 32929529 32929529 223
hs13 32929530 32929530 218
hs13 32929531 32929531 207
hs13 32929532 32930504 0
hs13 32930505 32930505 1
hs13 32930506 32930506 208
hs13 32930507 32930507 213
hs13 32930508 32930508 220
hs13 32930509 32930512 221
hs13 32930513 32930819 223
hs13 32930820 32930827 222
hs13 32930828 32930830 221
hs13 32930831 32930831 220
hs13 32930832 32930833 218
hs13 32930834 32930834 217
hs13 32930835 32930836 212
hs13 32930837 32930837 208
hs13 32930838 32930838 205
hs13 32930839 32931779 0
hs13 32931780 32931780 2
hs13 32931781 32931781 134
hs13 32931782 32931783 135
hs13 32931784 32931785 136
hs13 32931786 32932111 142
hs13 32932112 32932114 141
hs13 32932115 32932116 139
hs13 32932117 32932117 137
hs13 32932118 32932118 133
hs13 32932119 32936553 0
hs13 32936554 32936554 1
hs13 32936555 32936555 7
hs13 32936556 32936556 265
hs13 32936557 32936557 297
hs13 32936558 32936558 298
hs13 32936559 32936560 300
hs13 32936561 32936563 301
hs13 32936564 32936927 303
hs13 32936928 32936934 302
hs13 32936935 32936936 301
hs13 32936937 32936937 299
hs13 32936938 32936938 297
hs13 32936939 32936939 296
hs13 32936940 32936940 285
hs13 32936941 32936941 1
hs13 32936942 32937263 0
hs13 32937264 32937264 2
hs13 32937265 32937265 153
hs13 32937266 32937266 157
hs13 32937267 32937286 160
hs13 32937287 32937459 161
hs13 32937460 32937460 192
hs13 32937461 32937461 353
hs13 32937462 32937464 355
hs13 32937465 32937639 358
hs13 32937640 32937640 357
hs13 32937641 32937643 356
hs13 32937644 32937644 355
hs13 32937645 32937645 352
hs13 32937646 32937646 204
hs13 32937647 32937817 197
hs13 32937818 32937829 195
hs13 32937830 32937830 192
hs13 32937831 32937832 182
hs13 32937833 32937833 179
hs13 32937834 32937838 176
hs13 32937839 32937839 175
hs13 32937840 32937840 173
hs13 32937841 32937841 153
hs13 32937842 32937842 11
hs13 32937843 32944442 0
hs13 32944443 32944443 1
hs13 32944444 32944444 5
hs13 32944445 32944445 195
hs13 32944446 32944447 200
hs13 32944448 32944448 201
hs13 32944449 32944740 202
hs13 32944741 32944742 201
hs13 32944743 32944743 200
hs13 32944744 32944746 199
hs13 32944747 32944750 198
hs13 32944751 32944753 197
hs13 32944754 32944754 191
hs13 32944755 32944755 7
hs13 32944756 32945022 0
hs13 32945023 32945023 2
hs13 32945024 32945024 149
hs13 32945025 32945400 162
hs13 32945401 32945402 160
hs13 32945403 32945403 159
hs13 32945404 32945407 158
hs13 32945408 32945408 155
hs13 32945409 32950711 0
hs13 32950712 32950712 5
hs13 32950713 32950713 231
hs13 32950714 32950714 235
hs13 32950715 32950715 236
hs13 32950716 32950716 237
hs13 32950717 32950718 238
hs13 32950719 32951000 240
hs13 32951001 32951005 238
hs13 32951006 32951006 236
hs13 32951007 32951007 232
hs13 32951008 32951008 1
hs13 32951009 32953339 0
hs13 32953340 32953340 1
hs13 32953341 32953341 161
hs13 32953342 32953347 163
hs13 32953348 32953670 164
hs13 32953671 32953676 163
hs13 32953677 32953678 124
hs13 32953679 32953681 116
hs13 32953682 32953684 115
hs13 32953685 32953685 16
hs13 32953686 32953686 2
hs13 32953687 32953771 0
hs13 32953772 32953772 2
hs13 32953773 32953773 106
hs13 32953774 32953774 110
hs13 32953775 32953783 111
hs13 32953784 32954069 113
hs13 32954070 32954070 114
hs13 32954071 32954071 303
hs13 32954072 32954072 311
hs13 32954073 32954078 312
hs13 32954079 32954079 313
hs13 32954080 32954083 314
hs13 32954084 32954091 315
hs13 32954092 32954131 316
hs13 32954132 32954139 314
hs13 32954140 32954145 313
hs13 32954146 32954146 312
hs13 32954147 32954147 225
hs13 32954148 32954410 203
hs13 32954411 32954415 202
hs13 32954416 32954416 201
hs13 32954417 32954417 198
hs13 32954418 32954418 1
hs13 32954419 32968690 0
hs13 32968691 32968692 158
hs13 32968693 32968698 162
hs13 32968699 32968711 163
hs13 32968712 32968831 170
hs13 32968832 32968832 326
hs13 32968833 32968833 330
hs13 32968834 32968835 331
hs13 32968836 32968836 335
hs13 32968837 32968839 336
hs13 32968840 32968844 338
hs13 32968845 32968859 350
hs13 32968860 32969047 351
hs13 32969048 32969052 350
hs13 32969053 32969053 340
hs13 32969054 32969054 331
hs13 32969055 32969106 181
hs13 32969107 32969110 180
hs13 32969111 32969111 179
hs13 32969112 32969112 177
hs13 32969113 32969120 176
hs13 32969121 32969125 175
hs13 32969126 32969126 174
hs13 32969127 32969127 172
hs13 32969128 32969128 1
hs13 32969129 32970937 0
hs13 32970938 32970938 3
hs13 32970939 32970939 275
hs13 32970940 32970941 280
hs13 32970942 32970942 281
hs13 32970943 32970943 282
hs13 32970944 32970950 295
hs13 32970951 32970981 296
hs13 32970982 32971292 297
hs13 32971293 32971312 296
hs13 32971313 32971319 295
hs13 32971320 32971320 294
hs13 32971321 32971321 293
hs13 32971322 32971322 285
hs13 32971323 32971323 3
hs13 32971324 32972170 0
hs13 32972171 32972171 1
hs13 32972172 32972172 2
hs13 32972173 32972173 284
hs13 32972174 32972174 291
hs13 32972175 32972175 292
hs13 32972176 32972178 295
hs13 32972179 32972179 317
hs13 32972180 32972183 322
hs13 32972184 32972184 323
hs13 32972185 32972437 340
hs13 32972438 32972438 344
hs13 32972439 32972439 564
hs13 32972440 32972441 568
hs13 32972442 32972445 569
hs13 32972446 32972446 656
hs13 32972447 32972451 660
hs13 32972452 32972538 661
hs13 32972539 32972539 659
hs13 32972540 32972540 656
hs13 32972541 32972544 655
hs13 32972545 32972545 654
hs13 32972546 32972546 647
hs13 32972547 32972547 324
hs13 32972548 32972681 321
hs13 32972682 32972682 322
hs13 32972683 32972683 485
hs13 32972684 32972685 488
hs13 32972686 32972686 489
hs13 32972687 32972690 490
hs13 32972691 32972799 492
hs13 32972800 32972801 490
hs13 32972802 32972802 487
hs13 32972803 32972804 486
hs13 32972805 32972805 485
hs13 32972806 32972806 475
hs13 32972807 32972807 171
hs13 32972808 32973008 170
hs13 32973009 32973040 169
hs13 32973041 32973043 168
hs13 32973044 32973044 162
hs13 32973045 32973045 10
hs13 32973046 32973809 0
hs17 41196312 41197498 0
hs17 41197499 41197500 6
hs17 41197501 41197501 10
hs17 41197502 41197502 167
hs17 41197503 41197503 178
hs17 41197504 41197504 180
hs17 41197505 41197506 181
hs17 41197507 41197512 189
hs17 41197513 41197868 190
hs17 41197869 41197870 189
hs17 41197871 41197876 188
hs17 41197877 41197878 187
hs17 41197879 41197879 179
hs17 41197880 41199454 0
hs17 41199455 41199455 127
hs17 41199456 41199456 129
hs17 41199457 41199458 130
hs17 41199459 41199460 137
hs17 41199461 41199464 152
hs17 41199465 41199468 153
hs17 41199469 41199750 154
hs17 41199751 41199751 153
hs17 41199752 41199752 152
hs17 41199753 41199753 149
hs17 41199754 41199755 148
hs17 41199756 41199756 144
hs17 41199757 41199757 1
hs17 41199758 41201040 0
hs17 41201041 41201041 3
hs17 41201042 41201042 258
hs17 41201043 41201043 262
hs17 41201044 41201044 263
hs17 41201045 41201045 264
hs17 41201046 41201046 265
hs17 41201047 41201047 268
hs17 41201048 41201048 269
hs17 41201049 41201049 270
hs17 41201050 41201052 271
hs17 41201053 41201280 272
hs17 41201281 41201284 269
hs17 41201285 41201285 268
hs17 41201286 41201286 267
hs17 41201287 41201287 261
hs17 41201288 41201288 1
hs17 41201289 41202969 0
hs17 41202970 41202970 3
hs17 41202971 41202971 157
hs17 41202972 41202975 159
hs17 41202976 41203273 162
hs17 41203274 41203286 161
hs17 41203287 41203287 157
hs17 41203288 41208996 0
hs17 41208997 41208997 2
hs17 41208998 41208998 574
hs17 41208999 41208999 582
hs17 41209000 41209000 596
hs17 41209001 41209001 597
hs17 41209002 41209002 606
hs17 41209003 41209003 617
hs17 41209004 41209004 620
hs17 41209005 41209005 626
hs17 41209006 41209007 627
hs17 41209008 41209234 629
hs17 41209235 41209235 628
hs17 41209236 41209236 627
hs17 41209237 41209238 617
hs17 41209239 41209239 614
hs17 41209240 41209241 613
hs17 41209242 41209242 609
hs17 41209243 41209243 3
hs17 41209244 41209244 1
hs17 41209245 41215242 0
hs17 41215243 41215243 6
hs17 41215244 41215244 307
hs17 41215245 41215246 308
hs17 41215247 41215247 309
hs17 41215248 41215498 310
hs17 41215499 41215499 309
hs17 41215500 41215503 308
hs17 41215504 41215506 307
hs17 41215507 41215507 297
hs17 41215508 41215508 7
hs17 41215509 41215706 0
hs17 41215707 41215707 2
hs17 41215708 41215708 4
hs17 41215709 41215709 151
hs17 41215710 41215710 158
hs17 41215711 41215712 160
hs17 41215713 41216071 161
hs17 41216072 41216073 160
hs17 41216074 41216074 157
hs17 41216075 41216075 1
hs17 41216076 41219570 0
hs17 41219571 41219571 1
hs17 41219572 41219572 3
hs17 41219573 41219573 213
hs17 41219574 41219574 219
hs17 41219575 41219575 220
hs17 41219576 41219576 221
hs17 41219577 41219578 237
hs17 41219579 41219579 242
hs17 41219580 41219841 258
hs17 41219842 41219844 257
hs17 41219845 41219846 251
hs17 41219847 41219848 250
hs17 41219849 41219849 246
hs17 41219850 41219850 245
hs17 41219851 41222876 0
hs17 41222877 41222877 1
hs17 41222878 41222878 236
hs17 41222879 41222880 240
hs17 41222881 41222881 247
hs17 41222882 41222882 248
hs17 41222883 41222891 251
hs17 41222892 41222895 252
hs17 41222896 41223020 253
hs17 41223021 41223021 492
hs17 41223022 41223023 496
hs17 41223024 41223024 498
hs17 41223025 41223026 500
hs17 41223027 41223027 501
hs17 41223028 41223028 505
hs17 41223029 41223031 507
hs17 41223032 41223033 530
hs17 41223034 41223137 531
hs17 41223138 41223178 529
hs17 41223179 41223179 528
hs17 41223180 41223180 525
hs17 41223181 41223181 517
hs17 41223182 41223302 278
hs17 41223303 41223307 277
hs17 41223308 41223308 275
hs17 41223309 41223309 271
hs17 41223310 41223310 269
hs17 41223311 41223311 262
hs17 41223312 41223312 1
hs17 41223313 41226291 0
hs17 41226292 41226292 1
hs17 41226293 41226293 191
hs17 41226294 41226294 213
hs17 41226295 41226297 215
hs17 41226298 41226300 216
hs17 41226301 41226644 217
hs17 41226645 41226651 216
hs17 41226652 41226655 213
hs17 41226656 41226656 203
hs17 41226657 41226657 5
hs17 41226658 41228384 0
hs17 41228385 41228385 2
hs17 41228386 41228386 5
hs17 41228387 41228387 218
hs17 41228388 41228391 221
hs17 41228392 41228682 222
hs17 41228683 41228684 221
hs17 41228685 41228686 220
hs17 41228687 41228688 218
hs17 41228689 41228689 214
hs17 41228690 41228690 2
hs17 41228691 41234353 0
hs17 41234354 41234354 1
hs17 41234355 41234355 6
hs17 41234356 41234356 208
hs17 41234357 41234361 212
hs17 41234362 41234367 213
hs17 41234368 41234643 214
hs17 41234644 41234645 213
hs17 41234646 41234647 211
hs17 41234648 41234649 210
hs17 41234650 41234650 209
hs17 41234651 41234651 202
hs17 41234652 41234652 4
hs17 41234653 41234653 1
hs17 41234654 41242899 0
hs17 41242900 41242900 9
hs17 41242901 41242901 247
hs17 41242902 41242902 256
hs17 41242903 41242903 258
hs17 41242904 41242904 260
hs17 41242905 41242907 261
hs17 41242908 41242908 262
hs17 41242909 41243234 263
hs17 41243235 41243239 262
hs17 41243240 41243241 261
hs17 41243242 41243242 259
hs17 41243243 41243243 258
hs17 41243244 41243244 256
hs17 41243245 41243245 251
hs17 41243246 41243246 7
hs17 41243247 41243372 0
hs17 41243373 41243373 3
hs17 41243374 41243374 381
hs17 41243375 41243376 395
hs17 41243377 41243377 397
hs17 41243378 41243379 404
hs17 41243380 41243380 410
hs17 41243381 41243384 417
hs17 41243385 41243625 418
hs17 41243626 41243626 419
hs17 41243627 41243627 603
hs17 41243628 41243628 606
hs17 41243629 41243630 607
hs17 41243631 41243714 608
hs17 41243715 41243716 607
hs17 41243717 41243717 603
hs17 41243718 41243718 601
hs17 41243719 41243719 592
hs17 41243720 41243918 190
hs17 41243919 41243919 191
hs17 41243920 41243920 348
hs17 41243921 41243921 352
hs17 41243922 41243923 353
hs17 41243924 41243924 364
hs17 41243925 41243926 376
hs17 41243927 41243932 377
hs17 41243933 41243972 378
hs17 41243973 41243978 377
hs17 41243979 41243983 376
hs17 41243984 41243984 375
hs17 41243985 41243985 372
hs17 41243986 41243986 191
hs17 41243987 41243987 189
hs17 41243988 41244097 188
hs17 41244098 41244098 189
hs17 41244099 41244099 195
hs17 41244100 41244100 417
hs17 41244101 41244273 425
hs17 41244274 41244276 424
hs17 41244277 41244278 422
hs17 41244279 41244279 419
hs17 41244280 41244280 238
hs17 41244281 41244401 237
hs17 41244402 41244402 240
hs17 41244403 41244403 512
hs17 41244404 41244404 523
hs17 41244405 41244405 524
hs17 41244406 41244408 525
hs17 41244409 41244413 527
hs17 41244414 41244416 528
hs17 41244417 41244423 529
hs17 41244424 41244467 530
hs17 41244468 41244469 529
hs17 41244470 41244471 528
hs17 41244472 41244472 527
hs17 41244473 41244474 526
hs17 41244475 41244475 522
hs17 41244476 41244476 295
hs17 41244477 41244653 293
hs17 41244654 41244655 294
hs17 41244656 41244656 532
hs17 41244657 41244657 541
hs17 41244658 41244660 542
hs17 41244661 41244661 545
hs17 41244662 41244663 546
hs17 41244664 41244720 547
hs17 41244721 41244721 545
hs17 41244722 41244722 539
hs17 41244723 41244724 537
hs17 41244725 41244726 533
hs17 41244727 41244727 530
hs17 41244728 41244728 529
hs17 41244729 41244729 258
hs17 41244730 41244901 254
hs17 41244902 41244902 256
hs17 41244903 41244903 423
hs17 41244904 41244904 432
hs17 41244905 41244905 435
hs17 41244906 41244913 436
hs17 41244914 41244992 437
hs17 41244993 41244994 435
hs17 41244995 41244995 434
hs17 41244996 41244996 429
hs17 41244997 41245093 183
hs17 41245094 41245094 184
hs17 41245095 41245095 403
hs17 41245096 41245096 411
hs17 41245097 41245100 413
hs17 41245101 41245228 414
hs17 41245229 41245229 411
hs17 41245230 41245230 232
hs17 41245231 41245349 231
hs17 41245350 41245350 232
hs17 41245351 41245351 356
hs17 41245352 41245352 359
hs17 41245353 41245354 361
hs17 41245355 41245355 417
hs17 41245356 41245360 432
hs17 41245361 41245361 433
hs17 41245362 41245423 434
hs17 41245424 41245426 432
hs17 41245427 41245427 426
hs17 41245428 41245428 425
hs17 41245429 41245430 424
hs17 41245431 41245431 423
hs17 41245432 41245432 422
hs17 41245433 41245433 421
hs17 41245434 41245434 417
hs17 41245435 41245435 205
hs17 41245436 41245594 203
hs17 41245595 41245595 207
hs17 41245596 41245596 455
hs17 41245597 41245719 461
hs17 41245720 41245720 460
hs17 41245721 41245721 458
hs17 41245722 41245722 457
hs17 41245723 41245723 452
hs17 41245724 41245724 447
hs17 41245725 41245725 261
hs17 41245726 41245833 258
hs17 41245834 41245834 261
hs17 41245835 41245835 490
hs17 41245836 41245836 496
hs17 41245837 41245837 498
hs17 41245838 41245838 500
hs17 41245839 41245847 506
hs17 41245848 41245931 513
hs17 41245932 41245933 512
hs17 41245934 41245934 510
hs17 41245935 41245935 508
hs17 41245936 41245936 506
hs17 41245937 41245937 500
hs17 41245938 41245938 259
hs17 41245939 41245939 255
hs17 41245940 41245943 254
hs17 41245944 41246134 255
hs17 41246135 41246135 428
hs17 41246136 41246136 434
hs17 41246137 41246161 435
hs17 41246162 41246210 436
hs17 41246211 41246211 434
hs17 41246212 41246213 433
hs17 41246214 41246214 423
hs17 41246215 41246215 184
hs17 41246216 41246358 181
hs17 41246359 41246359 187
hs17 41246360 41246360 399
hs17 41246361 41246361 429
hs17 41246362 41246363 430
hs17 41246364 41246365 431
hs17 41246366 41246367 432
hs17 41246368 41246374 433
hs17 41246375 41246430 434
hs17 41246431 41246437 433
hs17 41246438 41246438 431
hs17 41246439 41246439 426
hs17 41246440 41246440 254
hs17 41246441 41246605 253
hs17 41246606 41246606 254
hs17 41246607 41246607 259
hs17 41246608 41246608 503
hs17 41246609 41246609 531
hs17 41246610 41246610 534
hs17 41246611 41246613 537
hs17 41246614 41246614 538
hs17 41246615 41246713 540
hs17 41246714 41246716 538
hs17 41246717 41246717 536
hs17 41246718 41246718 535
hs17 41246719 41246719 534
hs17 41246720 41246720 531
hs17 41246721 41246721 520
hs17 41246722 41246952 287
hs17 41246953 41246955 286
hs17 41246956 41246961 282
hs17 41246962 41246962 281
hs17 41246963 41246964 277
hs17 41246965 41246965 267
hs17 41246966 41246966 2
hs17 41246967 41246967 1
hs17 41246968 41247772 0
hs17 41247773 41247773 3
hs17 41247774 41247774 229
hs17 41247775 41247775 232
hs17 41247776 41247776 233
hs17 41247777 41247777 234
hs17 41247778 41247779 235
hs17 41247780 41247780 236
hs17 41247781 41248069 237
hs17 41248070 41248076 236
hs17 41248077 41248078 233
hs17 41248079 41248079 229
hs17 41248080 41248080 2
hs17 41248081 41249225 0
hs17 41249226 41249226 2
hs17 41249227 41249231 118
hs17 41249232 41249477 120
hs17 41249478 41249481 119
hs17 41249482 41249484 118
hs17 41249485 41249485 117
hs17 41249486 41249486 1
hs17 41249487 41251651 0
hs17 41251652 41251652 1
hs17 41251653 41251653 211
hs17 41251654 41251667 216
hs17 41251668 41251688 217
hs17 41251689 41251994 218
hs17 41251995 41251999 217
hs17 41252000 41252002 215
hs17 41252003 41252003 213
hs17 41252004 41252004 1
hs17 41252005 41256107 0
hs17 41256108 41256109 11
hs17 41256110 41256110 15
hs17 41256111 41256112 199
hs17 41256113 41256113 200
hs17 41256114 41256119 205
hs17 41256120 41256435 206
hs17 41256436 41256450 205
hs17 41256451 41256455 203
hs17 41256456 41256459 200
hs17 41256460 41256461 199
hs17 41256462 41256462 193
hs17 41256463 41256463 2
hs17 41256464 41256786 0
hs17 41256787 41256787 1
hs17 41256788 41256788 9
hs17 41256789 41256789 162
hs17 41256790 41256790 165
hs17 41256791 41256793 166
hs17 41256794 41257121 167
hs17 41257122 41257122 165
hs17 41257123 41257124 164
hs17 41257125 41257125 162
hs17 41257126 41257126 159
hs17 41257127 41258418 0
hs17 41258419 41258419 5
hs17 41258420 41258420 222
hs17 41258421 41258421 224
hs17 41258422 41258422 289
hs17 41258423 41258759 303
hs17 41258760 41258764 302
hs17 41258765 41258765 300
hs17 41258766 41258766 294
hs17 41258767 41258769 293
hs17 41258770 41258770 292
hs17 41258771 41258771 290
hs17 41258772 41258772 2
hs17 41258773 41258773 1
hs17 41258774 41267663 0
hs17 41267664 41267664 117
hs17 41267665 41267673 119
hs17 41267674 41267680 120
hs17 41267681 41267910 121
hs17 41267911 41267911 117
hs17 41267912 41267912 1
hs17 41267913 41275977 0
hs17 41275978 41275978 3
hs17 41275979 41275979 5
hs17 41275980 41275980 117
hs17 41275981 41275982 120
hs17 41275983 41275983 121
hs17 41275984 41276279 122
hs17 41276280 41276284 121
hs17 41276285 41276285 120
hs17 41276286 41276286 90
hs17 41276287 41276289 88
hs17 41276290 41276290 85
hs17 41276291 41276291 84
hs17 41276292 41276292 81
hs17 41276293 41276293 1
hs17 41276294 41277500 0
